2208
2040
3851
5950
2287
5684
2195
257
9291
7489
2524
9774
8793
5255
7334
2764
6010
172
3628
4354
4216
2956
8836
4095
5954
6845
3221
283
3802
9622
2654
8330
4350
436
3860
1333
8095
9367
7720
8471
3644
8042
4604
878
206
8819
6995
998
1340
2766
1633
759
1747
3682
8606
9811
1070
9497
1022
5176
902
2596
7362
753
5148
4433
3467
2485
5344
5747
9429
4595
6750
1645
8237
8609
9377
5420
5646
8274
1044
7236
8901
5859
4396
9229
3171
9725
897
8151
8531
8143
9617
3288
7222
8767
2806
396
7763
3045
2912
9716
3859
3679
8960
7903
3835
1383
2735
179
1907
639
9261
2073
7789
216
5001
5044
3998
5151
2685
8490
7210
5529
2887
1405
641
956
5602
9311
9377
7813
6437
93
6745
209
4194
3726
1207
9930
6171
6116
9072
4061
269
6426
5781
133
7916
555
7424
6238
2224
8912
8838
266
2379
7092
566
2381
4482
9218
3862
6328
1826
8447
1095
8008
3572
1826
2335
4024
2064
6040
7024
9301
5487
3000
2110
344
4481
180
5283
7614
2822
6297
9417
8032
434
6697
306
9146
936
1950
4396
6052
9190
9320
7583
1046
9719
7441
8307
2891
2788
9681
68
5512
5572
5673
3464
9716
9677
6508
2136
2512
7811
8981
8398
6596
9789
6531
9751
6619
5973
2592
7328
2608
9912
9428
8276
4800
6237
7519
7791
2209
2524
9545
5964
795
8262
4420
9093
4389
3202
294
5527
7560
244
4912
1581
9090
7017
4013
715
3349
322
7361
5733
5710
7497
1530
1210
8494
788
5707
8643
9765
7719
4660
398
5599
6375
7090
7143
4506
2518
8862
3398
7322
4067
2361
1531
3455
1806
6404
7839
1399
8315
7572
7755
5941
4761
6903
4730
958
643
8068
9936
5195
7576
7328
4267
2683
561
2463
5026
7118
3767
7829
7932
3419
1537
1582
1721
9065
9242
7568
698
8955
468
2085
9710
5614
8795
9690
9971
1383
42
7050
5418
9352
2780
639
1111
86
6731
8529
2254
1826
7396
9618
816
8854
7115
2642
2880
8083
6255
8418
2204
7466
1849
5688
5949
1429
2373
2456
9933
4227
3712
7549
1557
8042
2388
8747
3525
7059
166
2493
6795
9154
6058
6468
7420
8058
6348
7643
7108
6624
2691
5966
7110
9909
5582
2132
9750
7790
2173
6230
3495
3257
1769
8425
5710
2676
7579
2693
5540
3164
9216
866
6344
2940
1364
7526
1630
1413
6611
8367
9239
4963
1417
2317
7744
1185
2976
6913
7841
4505
9318
5140
1434
8850
2615
9440
3477
7618
2495
8733
1817
9452
7109
4779
3315
6617
1092
9732
7581
209
4246
2041
9627
2296
149
5969
6343
6669
7651
6831
2778
2971
9027
6661
3383
9344
2969
2215
7247
7254
37
2287
698
7362
9254
9094
1040
2174
7312
80
6613
9789
7789
6755
6663
6689
6643
1418
9639
6994
2786
7725
4614
1423
6271
4120
4352
4648
1483
6808
3405
8040
4191
5116
5835
9886
2319
9603
603
3858
5519
368
241
8203
8654
4876
1642
4915
6044
2413
8650
3634
9537
2985
9248
4710
7124
9122
6490
2765
8729
5955
1951
3346
3603
132
7705
8884
6215
6719
7178
4543
6376
854
7908
4520
3509
2782
1399
9349
851
6442
3272
6206
4052
7501
2231
4537
958
4784
8356
3172
5965
7299
9265
4162
6539
1891
6903
7175
5634
3402
4361
4550
5524
5814
769
4050
1803
4826
5158
5956
8439
8965
7415
2370
3347
510
7497
9206
1543
8831
3956
6591
2618
9944
6667
471
2816
7728
5462
3981
3274
2177
2969
3240
6775
5288
9155
31
6120
2345
8951
1992
5941
8376
3439
6925
9132
9300
7591
7742
428
9946
6063
7544
5274
5942
4151
2218
9846
4287
8615
1822
6167
2900
8536
2891
8997
3367
5330
7518
7012
8990
8708
9327
3958
2554
9186
1053
7839
9134
9136
2721
6651
1997
1456
5844
3457
8015
9869
2030
9515
2336
1555
9657
5540
4470
1428
1710
7941
8984
6021
4824
6702
8037
112
4945
5560
5522
4676
1589
7395
3237
5309
9376
6378
2689
8767
7427
7732
2742
3739
6201
9453
6516
8231
2301
852
5475
554
1637
674
3306
7055
3858
7162
1018
9616
1857
6692
7518
6151
3140
5863
9612
327
266
3790
2297
7573
3781
5342
1212
2862
661
8260
2786
868
6883
5421
2133
5552
642
1122
832
7742
4994
7957
2277
1811
1023
4723
4715
1517
4870
2196
6459
2292
5002
6957
4865
4589
4510
5877
7788
6811
3509
5342
5035
1290
3943
2526
8651
260
1838
8904
1026
3406
7905
587
9968
9819
4263
9738
5771
2468
9833
9328
7202
6103
815
870
3851
9136
5157
7321
6579
3373
4643
4986
5814
827
727
4932
5526
9206
851
2351
1590
7139
5272
7398
7947
4317
3371
5549
4053
9589
6269
1273
331
6848
5318
1312
2271
2482
3950
8730
3536
4241
7800
9228
9682
8100
6344
4513
3977
1849
8197
3312
493
6340
1906
4736
9898
7338
5707
5169
8623
9186
1364
2769
662
5398
1360
3451
6208
6137
341
2311
1191
7516
5677
2921
9008
5202
6808
6675
8845
1842
4668
2710
8689
1928
3510
653
2974
4543
7497
2937
8206
4216
1940
9006
5886
6919
4739
5989
1871
7609
7854
8777
6536
7122
87
7363
3953
4948
4167
4571
1422
3232
7274
2887
5841
5200
6130
82
3001
8223
3891
9930
9002
3802
9681
1338
9946
3796
6278
9847
3830
4551
7961
8224
5121
3503
234
9751
4789
7403
789
3460
4652
437
3793
5477
9077
3226
7523
9099
6112
1200
2803
4361
8699
1819
8364
6624
2746
704
8094
4746
3840
5615
7642
5604
8865
2581
288
4749
1013
2467
2278
4980
920
7350
6545
8249
4241
5223
4257
4063
530
7719
4661
9637
5915
652
4784
8401
4543
5326
1144
9165
6499
7685
4494
4240
1328
2124
1409
6189
7884
3610
9447
1620
2673
1468
2258
8516
7632
8338
9774
3150
5456
3908
4573
4658
2731
3222
5629
5114
419
2104
4800
7984
8712
6279
7252
2364
8768
3872
6242
5693
6492
6491
9161
8750
805
369
915
6748
1868
4829
9741
4434
2747
9185
8696
6372
8311
6797
5125
5059
3175
597
7460
9282
2062
207
5144
1799
9607
8435
5098
1709
1974
7901
9941
7672
5423
8465
3005
2013
755
3695
1039
4062
9927
3745
7375
8767
2182
6280
5806
452
4953
1109
851
3090
2041
9011
7257
4212
4442
5634
4424
6777
5898
9144
5505
7664
6257
8824
4250
6274
6755
2579
7603
9155
6374
4786
4948
1132
860
7456
3084
4392
8605
8911
5629
6375
3568
7780
2931
1693
8305
6486
1390
1753
1308
1689
5168
4150
428
7678
8020
2172
4529
319
987
3039
1101
8502
3201
6520
9531
6504
5113
7174
3766
5517
5325
6896
3026
6527
3516
9206
2068
2825
5154
2756
8674
755
4728
6321
42
3957
2065
2580
2058
635
2856
3992
4020
3900
1575
3022
3746
1787
7953
6379
4651
5095
2336
9759
474
8128
651
231
5926
5173
6510
8384
5175
97
1472
8453
4228
4765
8018
7371
6213
7599
9685
4004
8996
4147
1906
2374
1874
8628
8251
8894
356
2573
3451
3302
202
4082
7103
4834
9690
2465
6706
8977
5159
9681
132
7237
100
1480
9953
223
6674
6319
4555
5389
6793
1215
9931
5137
3008
2273
978
6002
8188
6321
3140
8934
4857
6109
5505
6186
4702
5996
5639
1216
9632
7711
5695
4659
9355
8093
3907
8404
789
7369
9593
5811
2505
8522
5508
331
1686
1366
5927
113
8897
7510
5749
6596
2360
614
8309
3197
8060
7262
823
5230
2812
8516
1295
5674
6847
5275
6900
4947
7244
189
5448
2278
4142
7892
2620
1391
396
5193
4746
458
4788
5924
2287
8792
940
2443
4052
8436
5901
5822
8472
2189
2789
9248
8983
3592
9135
7840
8562
4351
5793
7693
7691
8959
2474
712
5529
2218
1553
7499
7609
6365
1820
2252
9553
1264
1417
1597
9608
9184
441
1659
3512
4390
5957
2327
3529
6261
3530
2740
8383
2124
5882
8287
1023
1854
8192
9474
3488
5511
7957
8232
8977
6044
8441
4859
5174
3052
8899
8076
709
6148
7707
931
2610
7341
4525
2497
4830
2586
1
9471
3477
5582
5859
2260
4685
8652
4105
7652
256
9204
7736
1191
3372
729
3235
7801
6012
7196
134
7064
8273
2094
6466
5228
214
7781
8718
8462
7706
6921
3528
3450
9137
3388
7223
1156
1092
2022
6646
4534
5794
7048
7215
7246
51
6412
3024
2330
1919
1401
5976
3289
5130
2822
3723
3408
6034
9940
1028
4370
2681
3342
5326
8458
1220
9438
7234
5508
2079
6470
1570
1817
8640
6126
9901
83
1999
5272
5924
4564
8799
4953
482
8786
936
5882
8730
9748
255
6546
9654
1790
9826
5804
6271
4148
7497
1856
9748
7003
2498
3858
886
4630
2263
3801
7214
1479
2608
641
8568
2978
29
1225
2182
3425
1201
8237
1893
25
1129
6892
1251
4367
4448
7955
105
3780
2089
5789
5980
3653
1078
5234
9834
5604
2861
3467
4086
8708
9175
9989
2037
9520
1945
3202
9527
6392
1786
8675
3005
5813
1955
1943
5259
8335
6339
6565
3788
565
7774
2612
3823
72
7019
7857
8404
3483
8327
4104
4873
9279
4034
1427
1044
7075
9251
3397
5032
2362
6763
1128
9829
8423
8083
7002
3423
5578
2202
9606
6254
8499
7322
2907
9377
6460
3733
7730
8243
5596
2227
7606
7075
6404
6567
1303
7505
1910
1054
6929
6275
5726
1756
7571
5399
4442
9891
8366
518
7675
9357
7377
8408
2153
5806
5887
9398
250
1285
990
5688
6031
4110
4612
7013
1366
8994
512
3808
1580
4082
8849
8472
7987
1864
7125
9015
5723
9291
2698
1888
3349
156
7119
6384
4303
5808
9124
897
967
2949
2206
6509
1975
2461
2064
1495
3419
4174
4334
4779
355
9394
7405
9370
7329
4931
4789
3733
8183
6445
4836
2920
3849
2755
6465
3501
1505
9490
8261
4959
1360
9602
6656
174
3610
8201
3176
7098
6820
7667
8466
9569
9700
1192
3322
1174
3311
748
766
1585
7450
8186
9842
6891
7052
9040
7870
3743
2390
2242
3158
9095
5788
2419
7789
6182
3865
7765
264
1648
3871
1477
8633
4000
8495
9996
5069
3574
1884
9338
1310
9527
1114
6159
6483
4038
465
5339
1897
5448
3774
3171
7175
3698
4250
2449
252
8226
166
1762
239
3560
2265
1774
1737
146
818
1557
2276
175
6456
2787
6191
1853
3806
65
5631
2669
4370
3626
9446
2341
7174
5217
8527
6503
1718
104
5002
3699
3879
176
5218
7153
2036
6146
1219
3647
8360
4466
3635
2026
5225
3506
5360
3107
6144
9922
1515
4165
4007
6206
576
8188
4589
5324
1982
144
1415
9399
5632
5402
5484
5445
5442
5747
5496
3118
3623
960
2476
3849
3250
7307
8949
7723
229
5652
8986
3915
7562
3300
4794
5726
4450
8153
3134
8022
7912
9258
2274
2968
6339
4235
8188
5727
4974
5793
6960
3665
4514
9391
8274
9692
9552
2896
3572
8303
2663
74
6435
1030
1506
5995
9697
3858
3301
7502
7364
1576
3600
5897
8395
3660
9208
3233
4766
9553
3205
2136
5862
8220
5679
6329
4879
5131
1281
3723
2304
9669
1870
1906
7540
5842
5454
8530
2253
5669
5481
4436
7494
6210
9608
4998
2486
3097
6380
3802
7406
7042
5260
9924
1252
4794
7736
3834
6232
602
8739
6384
8157
8717
2130
4835
7648
4974
5316
4518
4255
8407
7908
7870
484
2253
8710
9539
3800
3769
1078
335
1018
8368
5415
4152
5349
6481
4993
8984
5550
4038
5656
6349
9153
1752
5859
3547
4835
7857
5866
434
297
3599
6961
823
9711
4084
2307
6742
4768
9594
582
3840
1017
4356
890
7769
1180
1221
6614
3927
4046
7681
4366
8743
2167
4785
9323
6527
2592
9450
2312
4315
7482
7958
7458
4986
7373
8621
6530
9276
346
1543
5959
7896
7430
5243
5346
7592
7872
7561
7637
5280
4488
5729
3421
1322
683
7621
8990
4847
5208
4895
8905
2182
2673
2789
5666
1523
5772
7902
5239
8907
175
6507
7302
2292
4530
3555
8123
109
3203
2581
5678
3873
3057
7032
7644
6758
5611
5378
7981
8297
1634
2613
5446
3993
8885
6540
1179
6968
541
224
4987
2724
6239
4986
2677
561
7614
4933
9206
3110
5194
3722
6344
7446
1204
4895
814
6038
7428
7000
6459
6959
8672
5851
7778
1322
4215
682
5832
1308
3610
8563
4666
3250
1571
558
4512
3187
7065
1749
4284
5780
4836
4980
7477
3333
97
7870
4083
9959
7212
5019
7883
9939
7798
2835
634
2001
2991
5015
5149
7867
6223
6283
8
1807
651
3828
2787
1691
8985
6030
4989
1759
4836
7982
5573
8295
1817
4730
5434
7257
9801
4242
1578
9050
4073
6466
9059
1912
7563
8023
3953
8357
6219
3216
6361
5494
9735
6535
2077
2474
831
4671
2500
8117
3235
485
6994
4614
8013
681
6669
2100
9111
2003
9011
3423
2499
5191
4675
6800
6983
5354
1074
9527
7733
6477
7150
8774
6074
9782
3964
8438
1057
6414
9219
6706
3519
2632
8847
4301
3984
732
849
9416
7448
7075
4430
3759
6179
5367
9596
1495
4206
7088
5424
2397
2703
9995
2373
7023
3650
7047
970
2937
9169
7675
5478
2185
3472
4347
4112
1675
3338
9337
7225
6961
9280
8577
6052
7104
642
3092
407
1750
6631
1667
144
3049
2109
599
3378
9548
3613
30
6237
8464
5043
9898
740
4303
6093
8136
1775
6211
3784
7393
8239
7746
5734
3129
296
9385
7575
5320
7601
4980
5834
1205
5256
9757
7840
211
4067
8532
4286
2450
7286
3646
685
7872
6413
8759
8179
2073
7102
2570
8642
8091
4065
614
1876
7826
2426
6178
2617
7733
9918
1313
222
8581
3434
685
3529
5100
5899
7848
7250
7179
2591
4807
2272
9931
4528
7698
8762
7080
4486
6074
5543
7714
3868
7273
926
9743
3303
1145
9108
3502
6370
7852
3052
7095
9291
6215
4644
2898
2312
1882
3540
3724
3084
991
1863
3292
5045
903
192
34
466
6659
7934
8666
3580
9961
8044
6005
185
4908
6909
8697
2120
6845
6264
8581
8302
6046
3524
5289
7914
176
9127
288
2636
7917
7846
9450
2732
7340
7797
3459
6592
7233
622
4470
9121
8552
9971
4146
6886
4614
6999
8366
7358
4192
89
6965
6390
9529
3751
3613
6662
7675
3160
7511
259
9537
7791
7851
5537
3854
1219
5900
8847
9883
2833
2579
2318
275
7130
481
1364
8881
1415
7890
5338
8354
2989
9681
6596
2052
7908
9377
9074
318
6397
6348
6324
202
9033
4696
9069
6013
2310
2203
4006
9266
5298
499
3882
6652
1971
7275
1126
8895
861
5836
988
3328
5392
9702
9266
5576
1964
6575
4860
7704
1658
3083
6664
4028
5309
7908
4506
4745
2978
9941
3231
6106
3890
4003
9843
5313
4276
4051
1000
1253
3510
220
1811
5279
5923
2666
6966
1516
6297
4109
5446
9926
3460
6798
6797
4228
7988
318
8811
5288
5334
9692
6729
2522
1108
397
2723
2400
1272
7315
1228
9638
186
8376
3021
7880
6856
1687
2982
9746
770
8104
2189
7256
7693
4527
1113
5675
7194
3828
3367
7789
7008
8618
8215
3452
758
3311
5554
1244
6510
2776
1731
3875
462
2979
7500
5882
8919
2797
1997
1771
4349
8308
8688
9233
3747
9428
6983
3427
6201
9048
6719
9362
5351
5723
6228
7341
3597
3260
4079
93
9910
1843
8567
441
7046
1784
3794
9042
8138
9695
2194
2742
8754
2459
6459
8389
38
1551
6492
3294
1970
7062
729
7168
1897
4963
4770
2305
949
6944
3825
5078
6981
8953
8083
2296
103
8923
5388
4577
1743
798
864
5638
6190
3346
1125
6394
2855
9512
8642
3176
283
7732
5940
5675
8244
4370
6972
9745
3637
4143
5183
8074
7886
878
7573
3162
2303
5631
1194
1932
6534
8930
9129
3484
8123
6211
2089
8348
1516
3130
4409
3133
6068
4188
1047
1815
3960
3841
5856
8212
3453
5141
7202
7239
6204
2268
4962
7253
2534
22
1539
8239
8820
118
1239
3049
9501
7191
9650
4303
7625
6790
8885
8088
3817
1437
7750
3011
9349
3463
7945
9965
1600
3067
2186
5855
6248
3487
4098
455
4853
2641
6947
4624
7741
6858
7212
6622
9323
9810
5184
8359
582
672
1319
6657
2762
1526
8557
1805
9845
9707
8048
6546
4371
55
2177
8245
6321
3397
7136
7922
4785
1112
1433
6906
8667
4444
2106
437
9771
5502
8892
3855
7848
9204
7783
5994
8556
703
7098
4836
2208
954
2765
6674
3421
6899
1836
171
8633
8730
1116
4040
4540
2230
6218
8378
2235
4008
9745
9509
1629
8540
6871
6857
9028
8880
2846
8476
9031
4810
8991
1701
6604
7274
6781
9779
5556
9942
5375
7962
6440
6253
7593
9865
2997
3849
7259
147
5612
5626
3912
562
9632
1617
3315
3947
7594
2989
9446
6193
7694
5634
7136
7839
185
3462
8327
5636
920
4792
1643
8875
818
9001
339
3355
6678
1283
9813
4194
6212
8046
9879
9204
6843
6026
2328
7572
9351
2569
3970
6868
5129
640
7640
9370
6726
9861
1136
8354
4788
9151
914
9810
9647
3372
53
6583
4334
393
1457
3343
4232
4455
8286
7163
3041
9950
8422
6871
1558
9801
2081
8445
1759
1710
1680
1892
396
3049
3547
7138
2132
9826
319
3642
7053
2763
9996
158
5928
4345
8807
9395
8281
2151
9086
2232
6630
6522
7337
923
6249
2839
2173
6346
3506
6617
1192
4283
56
7712
3432
876
3670
7306
5390
4439
6504
7921
5737
2
812
8967
1823
7994
3424
3311
9108
2270
3841
6154
3868
4275
1533
2879
6504
9715
7482
2604
5781
4372
7878
2271
6224
4843
8884
1083
8909
14
9926
5287
3811
654
6275
81
5835
6473
5777
5468
9205
2014
1897
6983
3170
1451
3386
2898
5273
3342
660
9872
5965
6864
288
1449
5234
3639
8848
3410
2265
1983
5243
8400
943
759
1933
3228
7759
4390
9640
8176
6344
4735
9400
2980
1495
1305
8812
739
6712
871
4381
5765
7839
437
5725
3969
5415
3912
1911
7830
2928
4910
237
2106
8826
2316
2805
2119
5154
8515
4664
1504
821
1071
3658
780
7095
623
7438
5433
3478
4647
5517
3332
1003
5643
8898
2738
5542
5254
5029
4362
1864
8980
1153
7202
7670
1314
7157
3598
5847
2277
3776
4871
3334
6564
3748
8171
8697
6577
3531
7781
4286
7372
7552
4536
5375
8739
2414
8757
6897
1660
3476
1175
5913
1284
408
22
141
4689
2559
4307
8593
9440
570
580
7182
4394
2492
6244
6763
8808
2423
6319
5635
5517
6288
1124
1210
6494
7636
1099
8709
568
462
5209
2688
6421
3535
6059
1386
3840
1163
6276
2304
7326
1012
6111
1527
1468
5778
550
2927
5549
618
4588
515
8292
7108
6174
7852
2252
8303
1993
8485
6970
5880
2579
5567
7681
5743
4872
3960
9222
1249
6725
9077
8054
9494
3950
3148
7659
3273
3353
2526
4002
254
2371
7919
2109
9777
2967
3136
6645
8942
1611
9495
3859
5464
2279
279
3686
1967
2281
4637
1436
3676
3107
1753
1380
7474
8892
9922
2638
8680
3791
8480
1890
7767
1631
2175
2024
6815
6747
1857
391
174
8048
6690
3766
5105
3607
5362
4564
8218
5926
5397
8665
7496
2330
8398
2686
518
7512
3820
2338
7892
2601
6451
650
7170
7969
687
5549
9937
532
7378
6248
2935
3645
6061
1568
1441
9741
174
6506
3243
4842
8642
1699
259
3861
5853
1836
6655
6091
1115
8913
9921
7977
3437
2313
8353
9725
5473
5503
3254
9427
2241
4997
1789
1098
3338
32
7853
8959
8202
901
7345
8717
7913
7313
4738
7566
9674
9222
2725
8185
7405
4296
5357
15
3079
1718
3309
3396
7913
1037
8085
8089
4426
5691
6420
1181
6930
991
679
9778
8423
8811
7526
5049
1337
2546
8014
5230
5201
785
6649
7480
132
2930
290
6316
1690
9197
2207
4291
3649
9493
1163
5033
489
8802
2349
8179
565
9911
4911
6046
5296
5424
1533
3769
1566
8347
2893
921
2041
5051
6478
6466
9046
8981
1410
9712
98
193
1035
5142
1144
3842
2413
2
1032
6188
5590
3144
3438
1434
7496
9220
9939
3401
9230
8727
7113
4871
6320
1802
5225
761
4117
8460
6649
6768
222
7422
896
2096
6460
4243
413
9548
507
8667
7452
3302
7625
4318
4812
1642
735
5884
5559
1680
7215
9057
2944
265
3161
2416
9240
243
7556
2970
3501
1945
285
1242
7532
3450
9874
3555
9843
5766
358
3812
4225
1297
1830
2856
9854
8152
6905
8697
3392
8505
7537
7634
9880
7645
1947
3651
4717
7468
4642
3291
7810
335
4914
6390
6754
1419
2808
6841
4781
2744
7858
2432
1329
6209
9489
8540
391
3755
1671
8086
22
8647
3380
123
8334
3613
6133
7865
1042
7913
5260
5954
7140
9279
1268
4705
2143
6532
590
413
9298
7608
487
3847
241
6614
7226
3775
1709
9037
6366
673
2772
9361
1840
5084
6820
6994
3081
945
2874
8418
8732
167
5644
5252
8571
3979
2977
1127
7890
2728
970
4854
7689
5740
7502
2982
3781
9860
1293
4326
7026
2027
676
6077
2754
487
5757
346
62
293
8509
3020
9201
6357
8083
7088
3881
811
7009
3153
2310
5882
1690
7116
9068
4228
2649
9127
1570
7501
3805
7911
7558
8236
2699
3993
630
2928
4483
1301
4056
8661
7759
1174
6103
1312
7862
3321
2117
1873
8485
4581
4912
9160
844
5785
8491
8232
3962
4619
5202
5356
8790
9633
5876
6160
6210
8156
5189
452
6010
9131
6461
2273
8309
6117
7916
7808
5372
8255
477
7404
4821
3446
7948
7115
550
5069
2962
5592
7942
1731
8259
6103
5343
7594
2952
1743
2551
3077
4539
4131
9850
246
1982
9114
9121
8633
6407
5132
6650
2312
3989
8002
386
5459
6644
1942
4576
9639
3406
1695
5191
4702
5235
4128
2953
9026
3211
563
8550
558
2485
1248
1055
1442
5399
2085
2714
3589
7232
3648
8135
6282
1103
2483
8197
4477
4035
5932
8831
179
371
2286
5807
9828
708
3568
1370
1922
410
8274
442
1580
9872
7113
9058
4961
7971
378
729
1568
7621
3365
561
782
8300
8031
3607
8928
4196
2467
8142
5374
3748
4580
3289
6472
7148
5912
718
2955
8012
4628
2760
4504
609
5701
6165
6173
901
4684
9569
5130
8239
7613
6028
643
5336
6609
2212
2892
7505
9443
6445
6050
7540
969
4375
2076
384
6131
8881
6403
1192
2472
9534
7576
8835
2343
9604
2761
7391
904
97
9714
4711
1976
4045
4288
6484
1440
1030
7749
8860
5766
9102
4518
9979
8311
10000
4824
1705
2245
7399
7577
148
222
6277
4471
6930
2749
8977
256
7445
2684
7400
4465
8965
4030
6906
5516
158
9918
4710
8846
1575
4900
9487
7649
6762
7750
242
4373
8375
8202
2646
6965
8023
8607
891
9877
4392
7233
8266
6256
7381
4757
7708
3023
1255
9145
6623
5185
3460
809
6681
1979
490
8737
6585
8586
1154
9480
2701
1936
9506
2198
1001
8850
7043
6340
9736
6344
2353
8521
1497
6568
1993
3878
4970
53
584
2566
7974
1343
1678
2958
1704
8194
9347
4148
6778
8710
8016
9035
7170
9405
2207
5830
673
9231
2462
5080
2802
1388
7836
1934
93
4326
6699
2068
5421
451
8157
7578
6467
7644
8721
658
6385
2971
5658
5484
99
7282
5833
6294
1659
130
4544
4973
554
5874
1747
3535
436
6138
2716
6106
4908
2890
606
3484
6290
8446
3723
2271
7567
4275
1760
3766
3973
3073
2131
1580
80
4112
2012
9025
6855
1150
2790
4619
1146
3432
6495
6341
3205
3625
9386
8850
8689
3671
6381
2687
6782
659
2842
3798
8945
1715
9088
1168
6617
3048
5322
216
3339
9540
2276
9597
8066
1037
5614
8789
9307
2632
9044
963
8120
588
2315
9876
295
7674
6649
9027
9252
2072
4051
9673
6939
3941
8619
6627
3280
497
8645
6385
7255
5462
6011
3032
7142
2340
7929
849
5252
7937
6856
9467
527
1973
7608
2610
2440
7779
4511
5989
4087
6053
508
9971
6716
559
3234
8801
7200
824
9291
5256
4394
9848
4397
4292
4021
6271
8081
7795
9455
1290
8684
5087
1229
6408
8951
7144
676
3582
871
2944
9298
3455
2849
8500
8175
2141
8405
8684
6769
7055
7743
6816
6950
2779
7554
7691
6572
1724
7058
3406
1107
2525
6803
9107
2093
4961
9652
6440
7490
2958
9206
2359
860
2525
7028
5930
5685
4163
3617
6532
6922
8665
946
2279
9347
1878
8393
524
3022
1888
7357
4342
344
6293
6600
3715
5327
4018
8643
5147
561
8797
6119
5727
3809
3084
9686
7870
2373
9325
7051
182
6755
1152
203
7383
4439
5315
7582
4483
8920
3097
9963
9067
9364
8320
2358
9623
7635
7507
9921
3532
8552
4425
5702
3039
1787
6787
9
8024
2105
3749
6234
7244
2084
6287
3716
1765
82
3080
9554
3424
2689
5291
4880
394
8569
6337
9796
6673
1198
2824
9982
6692
8377
7946
4007
1223
1962
3631
3686
126
4579
4117
6863
6470
6152
5451
7792
5562
919
3566
5197
5334
5088
3063
4205
8380
7732
3999
9287
6949
8529
8138
5317
4276
3093
8929
5862
5213
7760
1875
811
1126
3993
6420
3206
6297
4080
1360
3807
6580
4234
5624
642
6970
9920
8356
8657
9927
3817
7923
9814
11
2777
6837
2593
6693
9303
3459
5275
1256
1862
18
8542
7387
2362
7068
8914
1759
3018
9347
1697
4111
8958
728
5907
8795
4696
3650
5172
2148
1647
9162
8821
6330
6427
3396
3667
8168
6589
9669
1295
2180
931
2798
2113
7428
5782
9197
7948
6821
7678
8567
6223
6160
6960
5973
6255
3918
8150
706
7119
4346
2040
8665
9245
9708
8609
6708
4176
2318
130
3939
1353
967
833
913
5240
939
1988
1141
6761
8899
1349
4379
21
6343
3055
2010
285
4123
3255
1918
132
7662
6235
2495
5723
6858
4858
9595
1002
2092
6184
7598
4324
42
5648
7535
1583
1425
5297
2389
3703
4068
786
694
856
2622
7816
3833
1818
7695
9526
8688
6374
9895
4904
8449
9053
7812
8237
3971
3657
1930
749
1468
5931
8627
4919
9663
8236
3828
4919
5796
3765
7131
1655
4012
4282
6877
2167
8876
8040
2071
8871
3641
6741
6422
1972
6087
465
5952
6589
6973
6237
7421
5808
2169
262
2109
8151
5091
1035
3927
3826
3008
5106
1786
3284
5158
4108
5635
9613
517
9341
4575
5655
825
5350
4375
8355
716
1919
7436
3758
7577
789
3512
3436
4062
729
9353
8771
2009
3403
6191
6624
2110
8130
1381
369
5084
195
3654
8862
6354
8263
2572
3603
7124
2256
9307
1876
9011
4326
3749
7820
3868
9144
5420
524
4241
4870
147
6555
3837
2249
460
7796
9110
583
1976
1362
7779
4250
7185
9847
2475
5199
2314
1942
1207
2388
6836
4896
1353
8570
4504
2657
8001
1454
4978
4818
2545
1257
6792
6739
1260
2422
1401
6411
6150
6780
9858
3548
7212
9925
2150
1200
4954
8637
3332
161
1090
7678
7161
9610
9811
7634
4838
4537
1991
7388
4456
5629
5810
7835
5273
5097
3732
8207
4919
7002
7620
5097
4077
8787
691
1559
1139
9967
8917
5552
9764
624
4562
5646
754
3151
2445
3902
1633
6973
6916
3297
9522
6553
3748
7429
2004
3253
7763
6608
3488
2246
4512
9381
2283
6944
3967
2204
6519
3117
5037
7990
7942
1194
9860
6586
6462
9350
878
2935
7427
1707
4201
9933
5113
7655
4525
7182
9464
8745
474
8319
3744
9172
4685
3497
2990
4791
7812
8571
7549
7930
5795
6637
4364
1854
940
4726
1684
9520
6149
9874
2882
5236
1312
8266
3104
1580
7051
4247
408
3851
1715
5742
2638
8554
825
1701
8298
4792
200
8766
7507
5714
266
2691
4789
1966
7076
4716
6449
8231
6505
7931
3972
7497
9386
5036
164
7861
346
5871
5616
714
5285
7970
8426
2123
9069
5847
6604
7988
7284
3740
5782
3390
897
8871
5424
2127
5332
1396
6311
3702
9118
3914
2961
3330
3357
5287
7598
9416
6845
2062
4356
1318
6378
4123
8982
2612
4842
4242
8173
1202
4050
1482
3425
6520
8795
1697
8337
3584
538
3897
2006
4867
7441
4825
5644
8140
2577
2414
3554
6378
8606
1243
7905
2346
8630
8397
7878
8568
3275
2593
1848
2239
3910
51
6631
6450
8733
1689
7448
5457
863
1297
7584
8729
8459
7845
5023
5601
8042
4372
5853
964
8781
2683
5538
2055
1665
2993
5848
1426
7416
3917
6189
888
8534
7186
2416
8418
4833
2035
2197
8663
2199
7086
4942
7426
8622
6608
5751
2921
9313
7547
2790
6925
9224
7197
1165
9376
9635
4754
2372
4209
6413
7791
841
4204
7020
5294
6333
75
425
7853
680
2533
2845
1717
4684
9237
682
5963
4073
8155
6012
8574
8614
1187
8802
1194
9259
964
2837
9102
16
3554
6654
8348
203
9761
416
9044
6957
5342
3709
6921
7813
4233
979
2745
514
1973
4655
7529
1155
6567
6606
6654
2534
9772
7557
1676
7966
2228
9055
5990
1595
4084
3735
8976
6335
2954
3113
3138
5521
4618
2920
3179
8969
337
9976
9123
353
5466
5549
511
3876
5949
3487
3794
3481
7677
4440
8132
9304
290
6722
4337
3925
8925
8544
4697
3928
9473
1240
4888
3936
9793
4318
1060
5700
1114
556
4390
4326
57
9138
4705
8332
4686
1477
4163
2644
8521
8795
2961
8951
4287
9352
9109
2546
2940
6665
6258
8330
6007
233
5227
1336
640
3093
8550
6477
6238
6328
5734
8955
2676
983
3501
9681
2625
8552
9847
3228
3025
6904
2606
4780
4784
1562
3894
8188
1571
5125
8157
893
8446
3324
7120
9398
6652
4821
8336
1599
824
6017
3160
2599
5245
4402
3059
89
5485
328
8211
2999
5922
7609
5086
7801
2466
520
1837
7841
783
5927
8804
3727
6729
9616
7545
5603
9656
8593
4877
796
9246
8364
9190
8118
9512
6479
3416
1774
6613
7013
8126
5124
8050
3550
9569
5319
6653
897
2172
3518
3875
4287
8772
6282
5780
1631
9992
60
281
9150
2609
56
763
7612
4068
1551
9496
9739
9883
4650
1416
3686
4626
744
3369
6022
6225
3325
8561
7486
8912
2182
842
3009
4812
2743
1277
1803
1981
689
8578
4935
5941
323
8908
1099
5176
2271
5245
5528
7771
913
2106
9958
7590
8000
6057
9392
5308
4176
5483
7499
6253
2451
8108
170
6505
1656
7843
5659
4684
2857
2628
5960
6359
3151
9861
1990
320
2315
370
3178
1891
6191
6076
3590
3018
3616
9339
8895
6914
6725
8071
3005
9040
1622
8921
8149
8749
2888
1530
2351
2399
6433
7164
5065
9742
690
9415
8740
7439
4396
1683
8863
4458
5293
159
7691
1077
3402
5562
3226
6016
208
1423
5437
8727
2690
6224
6668
3440
8876
1126
9034
6723
4158
8383
8480
5693
9797
2351
1771
5101
1547
7002
6496
6358
7301
7213
73
5460
6476
3985
6432
2594
5
7536
5437
1685
7479
6200
2844
4635
6232
6330
542
9731
6159
4074
4412
5371
9643
5417
529
7518
806
1906
3449
8154
5622
3093
32
8094
3443
367
3493
1247
6104
6327
7169
8585
9573
4394
6183
9366
6312
6118
8029
1232
7782
6140
1879
3346
7723
9779
203
5552
5134
5444
2864
2245
2561
220
26
2597
9988
5332
6588
5421
3064
3101
3835
6636
2008
253
6870
1264
3672
6100
9586
9230
8057
5411
970
536
1279
1170
7250
8042
9364
6227
4387
6200
8796
1666
8849
6727
1318
3776
1388
24
3124
5164
1174
4737
7916
5656
7512
5381
5176
8495
1145
8363
9059
1208
6764
5705
9578
3860
6747
2414
3614
9551
7743
8587
8801
2215
8466
6981
3555
5772
1672
2370
5493
7775
6141
6487
7752
3866
3912
4944
5810
6514
109
1469
934
2136
7515
1508
3827
6071
9273
6012
303
5408
4602
5207
5535
8690
7089
5132
2368
9281
6526
9715
9448
1247
8529
4382
7041
2222
3468
3703
6523
3660
3699
1750
9388
8856
3866
9354
2704
3186
6573
7804
1786
3317
1018
5455
1116
2666
4438
6767
757
7358
1983
5909
3536
6105
9783
9577
1810
293
9317
1769
8065
7386
2469
1643
884
3538
4382
6037
7973
5845
5622
9447
5995
9962
7445
2887
8677
6719
3552
641
786
3470
5816
7400
4611
1942
8389
7937
9075
6697
6390
8268
7634
3976
900
6800
3503
4288
8134
6056
7708
541
1498
866
9498
1640
2360
3762
5005
2052
7753
8180
830
5492
6597
4724
3449
5015
9081
7328
6678
8066
6523
1079
5747
4084
5677
7001
3234
7401
1055
5799
5697
5874
5525
4177
7422
7744
7765
5689
7232
8557
9571
7986
3586
2042
6210
6222
5648
873
7700
2453
982
9820
366
2800
5550
5922
7571
6926
604
4272
6330
8745
3740
9112
5066
3641
5336
7008
2021
1140
5087
8941
300
1660
6708
1732
3443
2042
5299
5664
943
9354
201
3256
7251
885
6931
5570
1381
9244
1985
1186
9002
8557
1701
8621
4065
2320
9246
6220
4838
6437
1180
820
7011
1889
7460
3172
1479
7171
5858
3562
1973
6613
2809
8216
2743
2393
5128
6886
4477
5506
8437
2864
877
3764
1194
463
3003
7212
8905
8657
2058
4571
3722
2914
6777
8832
2067
2181
6477
721
8633
812
1126
5158
1065
1866
342
7476
3176
2598
7102
8077
6495
754
4394
3884
9922
8451
9472
5879
5427
1975
474
749
657
5608
9451
6684
9660
5943
5930
3966
2474
7978
69
5989
2027
2174
4896
9542
6439
3911
1829
4344
1406
7421
6453
8528
5782
6295
5065
7047
4327
1529
6249
7993
9519
2823
4268
4171
2051
5437
9437
2233
3206
7485
8447
803
7940
2832
3523
7889
6272
9263
6151
5459
2437
9567
8506
1470
625
7322
6683
5081
4551
3191
3527
8301
1580
2431
9300
4928
3456
5331
2968
3778
2368
7620
8465
4896
6133
3562
1228
5018
456
4402
7872
224
268
9056
2586
7997
6088
2722
2654
8859
2598
3779
8744
3816
9386
6837
8453
1599
6902
930
181
8808
6543
9283
7263
3292
1008
2616
8629
2552
9776
8814
8318
5530
3521
8802
1534
3413
8100
7088
1647
3111
4146
1882
4831
3527
904
1562
8636
14
710
1616
1212
7112
6829
5529
4307
7646
5273
2940
3625
8181
1115
4915
8894
3785
3694
631
5971
3817
6797
5598
8104
9030
6497
1017
4438
3713
7258
6143
7931
8755
2294
5267
1216
7886
905
9802
3484
7373
290
8560
5389
7914
2797
3252
5222
5881
5647
4413
5028
4215
3676
1395
7563
3078
8869
7902
7921
7323
9292
6269
2521
3446
1384
271
9048
4148
6147
2917
257
7118
745
5343
1561
9888
4057
7126
6536
8712
5434
5354
4078
5462
8730
1192
7237
9526
3656
2577
1205
7257
613
6742
7384
8218
8485
638
9422
9462
6131
5225
5011
832
3113
3607
5608
5092
7905
7102
3709
8458
7779
6420
365
3265
5633
114
6827
3895
4384
9742
2341
8685
5028
750
769
6674
3089
4906
3784
1337
6344
682
3034
7749
6324
8543
3097
7993
4261
7971
2446
3498
2018
1667
3801
1157
5424
8408
5188
9143
5118
8992
9103
8838
6053
2430
9305
5017
4588
9453
1328
6598
3081
5849
5397
1149
4437
2218
1171
2510
8288
8962
4961
7017
8530
9921
3571
5254
7782
2921
4938
1457
2170
4681
1836
2458
6449
5526
6107
1843
4143
990
9356
6926
5879
4646
119
5923
155
6372
2349
9445
3854
9510
5197
1034
3733
3306
1498
6415
514
8416
7454
7091
3361
7628
6785
7719
2414
3702
7708
2851
6487
3680
2470
9289
4951
2604
2155
3499
4510
4584
6657
8787
5626
8609
433
9059
6450
2133
3359
4716
9691
7589
2329
9153
7940
1048
8447
5764
785
7962
2973
330
8647
3191
9630
1304
7778
948
8127
1812
1867
559
7072
1994
3736
8009
4677
1431
1433
2482
1422
4542
7819
262
7357
6736
7182
7525
1408
2343
5942
350
3817
1205
9835
7812
7767
4760
8196
5594
9326
1369
4730
2047
6445
2807
8046
1890
2484
8846
6886
3623
3110
5345
4775
7769
7812
9259
3296
493
8364
2827
5768
9297
3356
9255
4830
9057
8079
9577
6903
5805
2798
579
3778
9880
4014
721
6430
4452
4142
3918
7466
1503
9387
6380
4555
9737
9286
6683
5017
4498
1543
1671
2444
524
855
8084
7773
8706
792
387
739
7819
647
9757
668
1366
9851
5298
4386
817
9290
1521
2618
8622
9226
9180
4767
2948
6541
4646
4267
1748
8296
4463
3398
2419
7383
8662
4644
8448
7866
9058
4932
5481
7815
6029
1215
9562
8895
3846
2760
4702
556
674
189
2542
674
6558
5415
1731
2668
4492
993
556
8420
3465
9485
3025
1229
7145
6069
9157
1522
9883
182
172
9782
5246
3515
7930
2283
6450
4947
6724
2701
7695
5998
5393
4068
3163
2554
5473
9040
9938
9775
4140
5244
335
6862
4763
1159
7482
7655
6743
4172
7269
2313
6993
9203
1293
11
4229
799
8497
465
7998
3477
4183
7379
6126
8912
8826
4776
8454
666
1481
1055
8332
6170
4470
2584
5359
5449
5400
623
3779
7574
9103
7805
9672
4810
3949
9842
1
9428
4609
4033
5319
7364
4735
5649
4332
4523
7448
8674
9839
8766
2576
6131
4495
3109
2832
7916
8306
6346
8876
1513
8442
5627
7806
4224
6344
9112
5452
5484
589
3796
3770
9794
3396
7561
7027
6817
1282
8820
7107
6367
5725
9934
3195
248
760
5868
7483
520
9845
3962
6356
8118
9755
1607
7355
7545
6759
2196
4800
8561
7990
1017
355
9861
6477
21
9796
5765
1202
2316
672
4390
4155
2285
2586
6237
5415
9886
2809
9157
8674
6623
9378
532
2224
2873
9390
5798
3062
149
579
1389
2052
4969
9046
1514
9329
7856
4837
7052
5647
2606
9821
7395
8553
3045
2025
6688
47
4076
2497
1487
5736
7110
5486
414
2330
2993
8369
3210
4525
4547
839
9395
9420
6768
8429
8950
2016
1759
9015
3498
8477
6703
3288
5739
2246
7608
552
397
6117
8763
1232
1613
2554
5600
377
6662
9455
3960
8463
8439
5505
3949
8232
7475
4253
1611
6691
8130
6432
4800
5651
6091
312
5893
7922
6791
8890
5715
2336
9892
9449
3619
5438
7461
441
1128
3102
8762
8901
2790
8585
1894
4837
5032
9806
2398
4990
2561
7147
9825
5128
7984
6515
4640
6570
2619
2694
8438
5906
7698
2893
6575
3693
259
5271
5215
7513
9819
7256
9138
7371
8303
6087
2190
2770
1795
9412
3412
1143
9189
1133
9487
6286
5437
208
3900
2634
1899
2995
6838
8443
4102
6784
1418
7938
1005
3048
7412
9330
8686
5263
5167
6140
931
5781
4034
2209
8347
7878
8960
6748
2345
9513
7042
7470
2991
3750
2099
4371
1959
8155
6594
192
7373
3394
1126
1813
2139
1605
3909
6885
4928
508
2904
9603
4714
142
3126
65
2895
8593
7850
7040
8426
5897
9576
2766
6010
7632
6474
4398
3027
7627
3227
9991
2423
6238
480
4395
2026
8814
6328
4928
7237
3349
7639
9643
476
5846
1071
3702
3311
7833
5176
2205
2361
8566
3637
6821
3963
9300
5151
234
9212
8356
6400
8590
9482
2622
7772
3955
2594
7187
8250
3366
7477
2366
1837
842
5064
6030
9270
4550
3879
380
9757
5230
4089
8824
3917
5269
4518
4120
4899
9534
4944
2847
2490
8153
508
9521
3708
1894
8798
2105
7751
2152
2614
4291
5952
2337
6525
571
9208
2861
4426
3261
4649
3484
1003
7934
8219
5541
8872
208
1230
2419
9398
9648
8388
2307
9498
9811
5037
8596
7864
3120
5140
8570
2916
8092
9478
3102
434
7841
8518
7617
8367
1650
63
2513
4701
745
2649
1617
1866
2632
9387
9488
8140
6673
4353
7749
9233
4377
1459
9695
1893
4428
9922
4886
2642
2485
2138
7796
3637
4561
6465
5487
4532
4284
5299
119
7693
1160
2439
9867
9492
2923
1918
3916
5739
6979
6970
3478
9864
4877
5508
6094
5868
7493
9347
3227
2032
5184
1563
6755
391
5150
8815
7120
3631
4131
8070
9781
4121
2541
1466
6304
3879
4783
3880
6393
5842
1254
5010
8176
751
3887
4682
7940
4706
4856
7852
9937
8045
6517
7938
8180
8335
7582
4388
1324
9548
1499
8728
9300
3165
6442
3982
7540
9443
4073
3345
9044
7629
2982
1667
4296
8619
7476
2373
8631
7778
3334
4662
3885
9379
7094
6264
703
4848
1296
9381
5238
2903
5210
5076
8598
9880
6540
2520
8689
9548
3190
8149
5021
9402
3556
362
3378
8607
7530
5397
4356
3406
9110
9930
836
7709
8065
1004
6786
5918
1164
9858
767
8571
5657
3612
6073
3126
773
5877
1415
2407
1496
2911
2031
7538
6801
220
4356
7291
8744
2574
4582
9903
9895
3479
9162
4045
2307
9405
4865
1663
4417
5833
4416
9783
2979
7062
4788
9378
4224
3295
7796
5488
1496
5849
4467
5950
390
2678
4721
1973
8100
7312
5639
6272
812
893
1231
1014
4258
9555
5172
6796
7762
6466
640
9616
3455
4417
3665
3667
7262
5213
4526
3458
9624
7385
737
3533
4458
7256
2977
2091
3870
2744
2849
4290
9305
9820
9241
3884
6077
2356
2914
1440
4164
9823
1512
2919
3886
566
6151
929
6505
618
9379
6835
3422
7113
8521
1889
5303
5867
92
1488
4562
2477
3393
4607
5483
4153
3392
1591
6943
389
4778
3586
2890
9799
7889
2582
1915
5483
1255
3986
4158
230
9977
9682
8170
5036
228
3004
8257
36
5560
2606
9869
7458
4441
1620
8381
9737
59
2269
9189
9367
8159
7886
834
4852
4796
2499
37
4160
5786
119
3689
947
6156
1029
8100
7947
5912
5475
2818
3768
5025
5225
6060
2930
2450
387
3050
3059
803
590
8606
9221
777
877
2509
3840
7191
5130
6010
573
1812
2252
6085
8802
4644
9740
7290
1673
1565
6433
6072
8235
8950
9229
5153
6703
6352
8191
7204
2655
2635
9981
1320
8506
1977
9989
9490
5136
707
3264
6629
7542
6755
818
524
4155
7988
5681
257
6975
6516
3066
3726
3327
2128
6405
619
8242
1971
9024
9688
7522
6007
8751
9732
754
8119
7549
2435
2778
8989
8314
5530
3096
2918
1023
8263
1606
9888
1384
5327
9941
9510
2850
8967
4285
6861
7763
6262
4048
9017
5274
661
4990
6974
1964
8524
5723
5773
896
7884
7517
9905
9078
829
3818
808
873
4062
6445
6472
8454
2519
7932
8571
5711
9405
4883
9584
9624
4909
8648
24
1107
5336
1001
2492
7063
881
6776
3359
3345
6595
5606
5995
6911
7058
6107
4414
2323
3733
5839
6130
4485
6298
7580
2001
9088
3328
4823
9977
7293
8913
4712
5363
846
3825
3863
7790
8313
2765
7460
1249
1627
3783
6161
4382
4080
3079
6897
1122
9516
3498
1428
8349
539
5288
6855
9953
7425
7688
3889
248
9641
4761
5475
1983
6350
1682
179
5023
692
7831
217
1613
900
7968
9959
397
5179
4495
4449
1989
5137
8569
3291
2336
9595
8727
9495
2610
3839
9630
2929
9475
4916
8056
8891
4202
3262
3805
1133
8352
2502
7532
7849
5592
6681
4581
7826
1203
3302
2831
5617
4791
9175
2733
5907
6382
1094
581
8345
2218
2403
9279
4195
9613
195
3522
5814
3167
4951
6956
1798
4457
1392
2172
3161
4289
7271
1931
5110
7738
1975
8123
2408
1610
5939
3161
594
8346
2950
2242
9345
4508
2587
493
5429
7610
2834
1441
2341
9295
8850
9003
4783
6534
204
6169
3899
3714
5752
974
2906
3913
1713
5405
6360
5152
6334
9304
8366
134
3792
1504
8333
2658
708
1011
2305
6934
8054
9821
9487
1562
4426
4761
2111
3798
9007
844
5717
35
4884
5158
4376
8537
5703
1200
8743
8689
1566
2590
7610
9140
4279
4341
4763
479
2684
8420
9716
9954
7133
3771
6742
10000
7843
399
4421
7139
6134
3144
9990
8337
7306
8293
136
7607
9817
5466
2832
945
785
3504
1123
6250
4586
1823
7248
5807
6480
525
430
5409
45
6374
5870
2194
5180
5823
6268
1518
4422
7228
170
4429
5294
4898
9536
9467
6964
4517
7750
5181
4209
7283
9351
5567
3835
6957
5014
9911
3485
4535
7552
420
6146
5410
3479
1133
5010
9192
9553
1642
2268
2806
7505
7948
3604
7416
8277
9212
3918
6309
7756
2110
8508
258
4267
7596
1541
3044
9770
5960
6302
3096
4547
9697
650
7396
6285
685
2483
1783
3564
3047
9013
104
6750
3457
5587
6140
7821
9651
8060
941
1670
3703
8492
1469
7784
1586
144
5198
5196
1953
7473
7004
2315
524
1367
9130
1424
3933
5094
8974
8478
2555
2738
4012
896
5097
4732
3360
8971
7212
7707
5612
731
1731
4412
1041
6377
2151
5460
5331
9253
6539
7807
2188
1733
9886
2745
3350
8060
9357
3000
7713
2612
6335
2329
1642
4354
224
4660
2477
8341
3932
3399
1326
9325
1327
5377
6894
5101
293
3474
2069
5540
5985
6882
4888
1497
5485
9489
9168
4898
1808
7885
6937
7998
3895
1085
6667
6395
9051
2733
1021
8583
3752
110
6188
1507
6290
7513
5474
3861
4677
9788
8096
7734
7429
4019
7687
2754
1159
3149
6472
5230
9839
7558
3642
6319
2939
4702
1934
8562
6297
2513
2910
9213
7163
9728
6826
842
551
4002
8523
3217
9819
441
7359
7574
2407
8509
7756
7069
5719
9343
7243
3265
3962
671
545
2291
3836
7172
6362
1066
8412
865
8096
1324
1492
7664
9981
7260
7717
9129
5710
2151
6664
9043
8316
8465
6423
4575
8406
2695
8761
3130
9342
931
5722
2105
203
110
4907
3725
6879
5576
8729
8755
8364
490
7739
3790
438
7213
1058
2196
9243
1458
7062
9155
9911
1712
8611
5128
7979
397
9103
8658
5947
8314
7761
642
4053
8992
2066
2970
6458
5972
5968
4450
3262
874
584
1967
9407
4647
2267
8055
6016
8985
2294
5438
296
551
7289
5974
5327
9823
3663
6025
1369
8890
2689
6443
2814
6893
6648
8168
3462
7295
2374
381
1715
7412
8699
1715
6492
8173
5585
6913
7613
2667
8141
1278
512
6633
2654
9980
2367
4137
5813
4372
548
6636
1554
375
4338
3152
7694
5437
7853
7762
6015
1089
2384
5832
8813
1612
3466
5710
2032
5148
4979
7532
4282
8023
5149
9811
8638
9086
8352
4848
2955
3228
859
5482
2148
2541
3212
3822
2336
8017
6282
3258
2318
5863
6285
9011
8535
8482
3394
5208
1324
7862
1270
3530
5499
2915
4833
2342
9780
2568
441
7211
6795
6165
168
9143
8618
690
1632
5625
3577
8853
9223
7493
5442
565
5725
4089
2314
584
1757
3496
1124
91
9785
7465
7414
9137
635
7640
3541
2627
1284
8835
6002
4112
3425
7404
5713
8508
5633
8920
9478
4067
8731
314
5294
5725
154
9071
3821
8361
238
4830
582
4080
8055
5566
7178
1636
665
2701
7683
2883
7693
2139
1696
1249
677
6890
2275
7168
7379
6939
4659
8716
2536
5553
5433
8777
6232
4698
8748
4461
8043
8256
5597
5630
5842
6213
8459
5732
5078
7083
9385
3097
8095
1303
6468
3230
3894
6514
5652
3385
3058
4675
7535
9290
9850
617
1232
5987
8621
698
1796
9815
536
645
1408
9820
6045
4331
3591
7756
3405
266
1571
2554
6714
8848
6353
6005
8891
5083
9988
4389
3741
8876
2815
2061
3309
8103
9772
5123
3165
6629
449
4046
5218
3985
7437
6566
1048
839
6467
2313
674
6457
6830
4144
2618
4109
9514
3366
3799
5841
1291
987
9336
1066
6416
4130
3168
8423
4772
543
4595
7272
5210
1550
4668
615
245
6099
6405
8552
4868
900
4673
9876
4789
4121
510
9151
1785
4794
3681
2350
4874
9226
1477
8059
7400
2096
7367
4225
2974
9365
2417
8452
9231
289
3230
8492
2255
1352
7022
6346
5396
7941
3420
5606
3757
296
242
3044
6281
449
3185
2543
6968
2568
2619
6925
7142
3175
1761
1718
4262
8818
9570
3363
5026
5178
7497
6739
1148
9573
4517
7114
6606
390
1596
1634
7671
7584
4216
7809
9012
7066
3409
1010
2617
9744
6019
6498
4102
7062
365
3993
401
3046
2531
457
3573
3790
9632
2938
1716
4044
8950
9859
5633
3126
8348
2439
8385
3660
8820
573
3960
8672
1148
4689
6626
3943
9895
2173
6740
8169
6684
9737
8562
1323
4086
9694
7927
2707
2289
7489
7504
5788
3679
6380
475
8817
315
4166
7024
8448
5095
1951
1460
3685
9993
4000
8599
6559
5839
6518
8323
5146
4594
691
2275
5572
90
9843
726
7759
3557
737
7579
5286
3077
845
5202
3172
8814
5328
2258
7187
8632
408
3124
2473
9213
2612
123
90
293
7070
5664
6635
1042
9500
8567
6567
6200
422
6465
698
6148
7557
1723
6005
8318
1909
2561
1188
5822
8393
2132
7029
5070
8743
430
448
6644
8887
5847
3987
2583
5504
1314
2298
7578
9494
2271
6148
6382
1318
4353
8846
4103
3946
3131
6899
3009
7610
9472
2780
5387
3148
5763
6153
1814
1513
3759
1196
2665
5392
3178
6921
2941
3565
1468
3218
8038
5848
5369
8223
8564
2296
9254
7616
7952
8491
6060
3720
3424
2157
7615
8096
6839
4964
3489
4591
4031
5277
5806
4875
5714
8370
9668
823
7071
5709
7325
255
3200
8022
3473
8204
4066
6561
6527
2230
4373
5206
1852
5362
7207
3627
8503
773
5228
1878
2985
7983
9982
8516
8360
4221
863
1900
9738
868
5382
8021
9599
1628
4974
1245
3622
3752
9177
7279
3902
8013
7937
8670
9320
3283
1928
8815
6917
6621
3314
3654
4036
9817
1827
8859
2094
6838
7047
6065
3395
3650
4930
431
6655
3363
8807
3633
1568
2742
4155
4362
4255
2976
1325
2582
1421
2402
7218
4174
1878
2710
5240
7628
814
3435
8619
3491
743
9991
2559
7478
6242
3702
5904
306
1184
974
3137
3621
5105
680
3496
5212
7853
390
2210
232
1889
1297
9129
9957
1995
8058
1595
1810
5096
5327
252
5420
1014
2840
6740
5510
1392
979
8338
2563
5227
3467
1840
4796
8837
5235
100
3184
7251
4383
771
4087
225
3417
1315
8246
8662
8247
7380
4708
6593
1628
8157
6453
1471
6412
3280
8828
4169
938
9879
7542
6454
6127
1350
5406
1723
8778
6263
4410
741
282
2422
602
5270
179
6393
2126
7526
2338
6778
8266
6616
7272
2259
982
9197
6995
8555
8206
2741
5331
516
7541
1937
9324
5666
4786
4614
5989
4791
8380
2793
3451
1777
4688
7223
154
8242
3800
4815
2411
1264
7697
7652
846
8937
3331
3332
2391
4513
5674
2997
3225
6122
8919
5978
4940
1993
2899
8751
6859
8865
9936
7479
2455
5822
1015
7699
5508
9908
289
9161
4798
6389
9063
9009
7117
3813
2248
4639
8847
1808
4162
2065
8413
4320
4423
8765
8572
1971
2885
3817
5881
7118
3372
192
6286
377
8834
521
628
4947
458
53
8500
8725
8491
7235
4141
5894
3540
977
8788
7236
3606
7756
6209
9583
8569
7635
4601
9652
1652
8004
7855
6155
1998
8182
7148
8169
4693
2737
3302
8308
5057
8350
5359
6064
2739
6072
595
4719
6223
8522
7711
5693
72
3400
8897
190
8539
1600
9454
7127
8748
5941
6846
291
442
2211
2158
3457
1263
2019
2422
832
1290
9681
509
2382
4047
7369
7706
6676
437
9657
7401
5371
4434
4656
4883
6444
5423
7181
7530
6896
9385
6457
8869
3481
4781
1104
1123
9940
4073
2757
5842
1954
2479
1044
9842
7541
1807
2696
2358
2171
7057
5213
8510
6802
1297
8192
2516
2850
1331
868
5362
6355
7789
3230
9401
6512
2872
6287
3305
953
9952
8628
7614
9727
6893
3119
9222
5762
6145
6164
1846
9065
7800
683
908
7
1637
3760
6249
3244
8407
6805
7046
7178
8033
8478
5974
2178
89
7812
8897
3471
4356
8285
4655
6452
1860
1343
6430
6242
6434
7994
7834
5281
774
592
6837
7140
2598
1212
4935
2809
8389
6985
8883
5098
4225
2904
8621
3007
4747
3337
223
127
9274
4652
2508
4825
3785
2707
3100
6194
8025
1474
8572
3380
7937
4694
523
7170
3794
3954
2674
2078
4545
1384
4746
8446
8589
1755
3954
6764
3249
3874
4975
9489
9158
629
9662
2257
6734
4152
375
9534
5763
6718
3618
4708
3926
6913
5940
764
1969
9398
920
3735
1286
498
2707
6926
5015
7439
8792
582
2558
9705
7092
7809
9645
7239
4162
864
1950
6304
7266
6673
9821
2874
410
4057
6636
300
9438
1858
3406
1519
628
1531
5419
5943
5973
7034
1302
931
4774
832
5271
777
8135
4926
9893
5594
3781
7638
3591
8517
3390
7094
1315
9776
1293
6030
4354
258
8976
211
2627
2233
2759
1925
1992
1359
9309
1831
9275
9339
9830
7918
1298
8433
8990
7382
6239
4614
1870
4353
2575
9321
774
7027
7111
1346
6988
1455
7868
6883
4865
8942
9027
9010
7088
4859
8217
3933
301
8974
4763
1295
3867
5080
4581
8924
1307
5591
9957
97
7012
7279
6610
8307
4684
3648
4562
4718
1505
8801
182
756
2599
4296
8874
2345
5481
5029
7811
7613
4727
9606
5779
5820
7275
8678
2718
1660
3823
8900
556
8208
7677
4083
7541
2011
5389
1000
9792
6368
8125
685
1246
3653
3937
5513
5891
7336
4147
5585
2861
8419
7241
6877
2366
9171
807
5473
3896
9224
1255
6919
4945
7346
6165
7409
4755
3143
1930
3957
7754
5041
3563
8070
7024
1541
5721
1341
206
319
9028
4335
3897
116
3840
1824
4444
7061
6078
21
58
487
7210
7055
8195
212
105
6544
4903
689
2691
2832
9229
4155
2771
3584
8690
1423
1407
4979
4936
7239
4673
7420
1182
7928
2970
8562
7526
7454
8997
6156
907
2694
3516
8571
7216
4002
900
9178
5441
5116
6104
1879
7151
6266
9184
2616
210
9836
6913
4004
6359
2271
4290
41
2516
869
8743
7118
7966
7861
6392
5192
9635
4932
2826
3286
5630
995
3338
620
8517
5213
9885
5525
5881
7427
4833
4757
5535
3645
2858
2766
8004
9036
4328
6709
3373
7567
1395
8489
5406
1578
6513
780
4332
8923
9820
979
536
9465
4045
3757
1225
2113
3945
2684
8717
1582
1213
5924
7195
8100
6890
7851
4323
912
8966
694
3512
5544
5130
9418
7615
8754
6511
923
5672
749
8368
9639
5367
3463
4565
4826
5751
769
5293
4940
5312
9733
300
873
3259
6569
1029
2895
6957
5477
4118
8956
9990
9626
6477
8331
2530
3454
1233
3626
386
6695
7407
7771
7263
7214
1831
6570
3051
6559
8810
5715
9139
7153
4840
2812
2691
9768
3206
2464
9613
6728
8008
8878
6551
8518
3883
2421
1213
8033
9001
1004
1618
3143
4338
8097
9111
1866
1340
9479
5401
4090
9090
2306
4142
657
4011
6010
3565
5687
7507
8585
7035
9583
253
8337
7001
1514
2131
6841
8073
2775
2289
9010
1078
3096
9720
311
5725
1585
9463
4916
422
3464
684
2631
9832
797
6271
5457
5747
5689
6881
1402
4462
2820
5076
726
9661
1861
9761
3000
5169
5475
7436
8209
2946
8169
3706
5216
6156
978
5753
3831
9821
9548
1303
7983
8346
8158
9231
2700
5379
7669
5826
4823
2665
5457
7550
3891
1628
6003
7702
786
1091
1539
6549
1319
2540
6964
6382
4148
5176
3820
6419
8553
1732
7399
506
7519
5331
9130
6196
1801
5109
1194
2976
4016
1893
5015
5431
3055
6206
1220
5947
3994
2635
2255
4164
9923
4990
7897
8531
2216
3812
8490
5215
6840
8237
7288
9245
5961
2893
2229
6621
5412
9848
6560
178
1541
148
7306
1119
3274
6070
4452
1250
2969
8931
7007
1552
2047
9874
6341
1571
5090
5677
184
4979
7177
3696
8933
1023
1035
4706
3113
1369
1669
8802
4450
7056
4653
2461
7598
5640
9542
8810
3541
4670
6915
4244
6146
9793
9107
1475
6768
1229
1269
7571
2206
303
2673
748
4933
7912
2963
5755
9618
4816
7736
6969
2265
7125
5029
4085
4767
3698
3757
7443
7887
940
1627
3702
6171
59
4416
9833
7915
9472
5823
4833
4767
1898
718
7453
1482
5229
5635
4805
3373
3057
9619
8407
7312
4921
3974
4912
4831
9399
8323
8490
5130
1188
3486
1672
2388
2834
3451
6621
8454
4234
8157
485
6660
1578
3927
8972
1785
3669
3496
2674
6261
2984
7854
4715
1586
768
1602
1907
878
5936
3489
898
3524
3810
7955
4228
593
7006
3821
175
683
4598
8150
4365
4193
2932
2017
8075
1612
6666
7180
4729
3061
9984
4457
9966
4655
8762
8175
4473
8543
6862
9458
1482
7962
5342
3772
9321
6711
3638
865
8523
2807
247
1913
373
104
6200
5838
4826
9042
6832
7980
9370
8490
6603
1663
8328
7659
5962
2478
8756
5419
9444
8341
2611
1093
3165
5791
3547
6740
6960
4998
5788
9017
6423
5592
6240
9492
6383
5533
3748
9326
5315
8083
3227
2337
5188
3679
7451
8560
5226
812
8893
1019
1618
3734
7032
296
2034
161
1836
4374
247
9074
293
6875
3577
4161
6761
1657
5473
3070
4135
3987
7540
4329
7351
799
4659
5315
774
8934
8747
890
7848
8867
4936
2374
9470
182
8793
3782
2346
1723
5887
7702
8083
4081
4044
4524
2844
9136
5502
9357
2720
4049
7730
8291
9990
2124
5919
7869
1557
6782
9156
2135
1397
7481
1689
232
4987
7823
1422
1786
2150
673
1489
4989
3472
1946
3522
4988
9617
7107
7510
213
6700
2849
9443
3768
790
2052
2430
1596
4724
4175
4368
9906
2197
4102
4310
5666
2378
5597
4143
8645
5578
6864
3719
3478
2305
5670
5928
2089
2506
6601
7298
940
7909
100
2049
7737
8910
8579
415
4660
15
1542
3644
8075
6792
2915
50
9137
2332
3720
6357
4899
3103
8397
8921
2484
6135
6512
1138
9662
3729
7080
2889
5076
5435
1975
1386
6305
1737
594
1117
6045
3074
9840
6958
8936
4811
9309
5805
7852
909
7295
8753
5186
1309
1176
1248
9713
4298
4860
1543
6441
4197
2220
5949
7782
9720
6408
3382
8329
3702
6019
9657
3199
7698
3188
705
3975
8774
2928
6723
5996
187
3881
6690
1460
828
551
6818
6558
2445
2766
393
756
5399
1513
3530
3106
4883
1721
3097
7594
7169
1888
4875
9094
4929
1584
596
8227
6911
4057
6076
626
4661
7475
9049
6139
3870
7370
1405
3888
1218
4150
6073
9873
2504
9605
2245
682
1923
5298
1755
3435
2410
2558
3432
527
8784
6957
2883
6692
1399
2300
3909
3502
1841
5960
2742
2371
8419
5503
168
5563
1595
8878
5109
1006
2942
6835
1704
1384
7953
2567
4795
7556
3257
5512
8795
424
6224
6987
6203
6351
4521
5911
3843
1437
4636
1476
6650
9916
2095
510
4451
2623
8398
8715
6328
6152
7698
9986
8644
9049
757
5011
5114
4899
9880
7303
9924
8247
2284
8138
7057
8906
6459
9977
639
5244
1702
9429
2265
6947
3516
9587
6842
7204
7624
1068
3115
1609
2066
702
5472
2452
3263
2736
1953
7775
713
4050
3974
2878
5132
6372
9491
7984
5956
9828
7024
9342
3043
3686
4927
208
1479
844
8809
622
9516
3585
6488
6252
4942
9771
7437
920
2075
5211
7233
1985
6648
7672
4968
8784
4006
9881
1862
5792
752
3990
5098
8934
9651
6902
8773
1291
4063
3751
1861
2466
8634
1826
2381
6677
2005
2709
8589
663
6804
1827
7464
6853
8233
9018
6983
7301
1446
255
9756
6461
3494
5480
9722
1784
5394
2628
9159
6795
597
3500
6776
3490
7183
4838
9179
2882
9853
8112
9035
5383
7783
7075
636
3611
4348
1465
5349
278
7441
2182
9631
2931
8991
1209
7587
2184
7047
3040
2038
2021
7883
4098
8851
4767
3356
1485
3928
885
9928
8263
1143
7353
995
2363
2474
6258
1929
8247
6135
8647
3338
6945
2067
6600
4207
4538
2572
2637
3058
1203
1259
7994
760
9331
7038
3539
1260
2173
4100
8523
4797
7439
9291
2630
9803
8081
347
7966
5957
8531
4959
7960
1200
3088
1777
6411
9344
714
7859
4381
8648
4095
3627
672
567
3637
9716
2629
8352
6340
2390
4883
9602
